0.001411
0.010661
0.033474
0.831656
5.020115
13.530650
47.071674
82.223259
384.730438
0.014081
0.008824
0.035790
0.828329
5.065162
13.442520
48.164303
90.296432
437.620850
0.014813
0.008779
0.033341
0.993859
5.792961
15.475866
56.696209
94.927071
447.468018
0.016187
0.008689
0.034641
1.013429
5.946404
15.787116
55.252438
96.192299
447.929993
0.015479
0.008824
0.032958
1.027990
5.915476
15.745851
55.833481
96.479401
450.031067
0.014619
0.008823
0.033511
0.993227
5.903521
15.622759
54.612251
95.462807
443.458405
0.016395
0.009033
0.037342
0.998082
5.904985
15.672577
55.499699
96.599052
447.400116
0.015556
0.009012
0.039179
1.017923
5.961472
15.798865
55.790302
96.220146
451.844025
0.016098
0.008686
0.033926
0.989799
5.954525
15.792864
55.111622
95.233009
438.552429
0.013610
0.008429
0.032641
1.035700
5.880052
15.735985
55.300343
96.462173
452.403748
