0.000066
0.009942
0.020460
0.574782
4.143868
11.473553
33.644695
65.215485
332.597046
0.000033
0.005614
0.023411
0.677930
4.023346
12.125255
37.092682
73.122223
354.955322
0.000041
0.005451
0.025047
0.692907
4.037948
12.236107
37.679256
75.628220
346.838318
0.000036
0.004775
0.024996
0.683570
4.204157
12.196051
37.152569
71.504150
336.397888
0.000034
0.004839
0.023612
0.697022
4.116295
12.187262
36.715527
72.577919
339.038971
0.000032
0.004626
0.026538
0.677027
4.138640
12.173756
36.718906
71.788994
337.029175
0.000034
0.004782
0.026285
0.682231
4.075805
12.227083
36.769936
72.292168
348.062927
0.000035
0.005635
0.022775
0.678973
4.070664
12.243094
37.510712
74.627785
341.257660
0.000034
0.004765
0.024124
0.680338
4.069287
12.320504
37.712227
73.444260
342.764526
0.000035
0.004647
0.026494
0.680409
4.076373
12.260448
37.491592
74.309387
342.821838
