0.000939958
0.00327579
0.0105009
0.226093
1.29823
3.35354
11.9365
20.6532
96.9106
0.0119817
0.0029816
0.0098943
0.225506
1.28989
3.33642
12.0218
20.8721
103.95
0.016362
0.00291524
0.0103117
0.258934
1.4597
3.84356
13.4992
25.1107
108.191
0.0117777
0.00287266
0.0115534
0.2617
1.46746
3.85064
13.5721
23.4863
108.68
0.0124781
0.00300787
0.0108257
0.264136
1.47395
3.90642
13.6776
23.6637
110.155
0.014796
0.00300696
0.0100251
0.2629
1.48148
3.95251
13.8145
23.9706
110.663
0.0153984
0.00307263
0.0111695
0.267132
1.48959
3.95999
13.8406
23.8465
110.833
0.0133178
0.00316762
0.0112371
0.269358
1.49079
3.96602
13.8749
24.0551
111.301
0.0144441
0.00295214
0.010485
0.268895
1.50611
3.97364
13.8525
24.0626
110.744
0.0146046
0.00297898
0.00871913
0.269625
1.49403
4.01097
13.8625
23.9207
112.007
