0,00195764
0,00337879
0,0109602
0,202799
0,956664
2,60294
7,72672
12,9876
60,0457
0,0128091
0,00323647
0,0131808
0,1967
0,969586
2,68282
7,76636
13,2772
61,8825
0,0132362
0,00309764
0,0104979
0,218955
0,98473
2,72368
7,86101
13,6569
71,6712
0,0134611
0,00310626
0,0093702
0,244199
1,15222
3,14091
9,15241
15,8684
74,0471
0,0144269
0,00319227
0,0101653
0,234509
1,16511
3,17043
9,27796
15,682
71,9548
0,013774
0,00297857
0,0111983
0,227496
1,14411
3,14357
9,16936
15,7284
73,3705
0,0149492
0,00324672
0,00944148
0,241261
1,17941
3,27316
9,28087
15,7432
72,1853
0,0150311
0,00321458
0,010827
0,246228
1,15046
3,16086
9,12227
15,8294
73,7021
0,0141724
0,00341317
0,00928807
0,244571
1,17752
3,22024
9,3199
15,6913
72,4368
0,0123574
0,00317065
0,00895869
0,236056
1,16349
3,16403
9,13866
15,8192
73,3986
