0.000916714
0.00490502
0.0135513
0.254065
1.30352
3.82771
13.9046
21.8283
104.519
0.0128601
0.0034106
0.0105482
0.227415
1.32747
3.71075
13.1482
24.1206
114.328
0.0185828
0.00313321
0.00763338
0.301339
1.79841
4.31262
14.3073
24.7367
115.573
0.0148528
0.00357532
0.0131981
0.27019
1.5167
4.21794
16.1238
26.9384
115.943
0.0153812
0.00296595
0.0101564
0.279411
1.56798
4.37991
14.2125
24.7188
114.488
0.0156728
0.00332603
0.0129503
0.270039
1.53671
4.16141
14.1506
24.8405
121.282
0.017256
0.00338186
0.0116222
0.266121
1.52411
4.08349
13.9742
25.0353
116.497
0.0144096
0.00354082
0.0109706
0.276647
1.55698
4.2306
14.356
24.6245
114.854
0.0176466
0.00316843
0.0097181
0.27198
1.5317
4.14575
14.3211
24.9938
114.208
0.0147364
0.00319576
0.0109689
0.286515
1.55599
4.16653
14.3759
24.5619
114.755
