0.00358374
0.0035407
0.0173419
0.222517
0.948617
2.58633
7.71522
13.8146
59.303
0.014299
0.00297389
0.0109928
0.21357
0.947841
2.59523
7.55358
13.1263
60.7001
0.0152226
0.00313684
0.0126427
0.207902
0.962087
2.63583
7.68903
13.2321
69.3886
0.011142
0.00312921
0.00933883
0.241436
1.12041
3.07516
8.89429
15.3505
72.399
0.0118387
0.00326578
0.0110101
0.245781
1.14345
3.11566
9.03027
15.4347
71.4156
0.0134628
0.00313468
0.0104699
0.256765
1.15009
3.12715
9.06582
15.5867
71.6938
0.0119719
0.00299982
0.00969336
0.22834
1.14415
3.12556
9.14251
15.6492
71.0511
0.0148027
0.00307151
0.0118671
0.246882
1.12312
3.05188
8.89468
15.2528
71.2306
0.0122203
0.00312379
0.0100189
0.248305
1.14304
3.12311
9.05762
15.4469
70.4953
0.0144117
0.00325929
0.010288
0.243577
1.12135
3.06934
8.93867
15.3293
71.4657
