6,5047e-05
0,00886471
0,0249777
0,584765
3,78031
10,9277
35,7289
71,137
339,982
3,7168e-05
0,0056128
0,0219321
0,704764
4,124
11,6781
37,8933
73,2619
342,564
3,4291e-05
0,00484664
0,0242573
0,705782
4,13275
11,744
37,9262
71,8324
345,144
3,1954e-05
0,00481715
0,0240786
0,6787
4,04193
11,4858
37,6315
72,6597
345,149
3,6876e-05
0,00562447
0,0228505
0,711666
4,13789
11,6997
38,1972
81,8075
351,686
3,1015e-05
0,00476669
0,0241727
0,713958
4,16821
11,7823
37,8226
74,558
344,764
3,1986e-05
0,00557888
0,0235098
0,711484
4,47989
12,4033
43,2888
73,4453
359,515
3,1817e-05
0,00492032
0,024162
0,693279
4,21233
12,3331
37,5297
73,2172
356,413
3,1892e-05
0,00564348
0,0245603
0,696454
4,15863
12,4109
37,8357
73,6214
354,658
3,5694e-05
0,00559891
0,0234105
0,69764
4,20173
12,4911
37,7815
74,4137
358,542
