0,00113402
0,0163794
0,0457822
0,709662
3,0914
7,95069
23,625
42,0748
196,381
0,00110559
0,0111004
0,0507141
0,703048
3,45543
8,88459
27,0724
44,9279
208,55
0,001108
0,0116309
0,0540585
0,763048
3,77729
9,76324
27,4036
45,5457
206,87
0,0010213
0,0111954
0,0533464
0,716011
3,38087
9,03011
26,2619
46,6196
204,931
0,000875482
0,0117761
0,052137
0,691185
3,3765
8,92301
25,9177
45,0759
204,274
0,00111344
0,0122097
0,0562024
0,664992
3,30809
9,0073
25,9366
44,9179
204,369
0,0012338
0,0114251
0,053962
0,711266
3,25623
8,8585
25,9053
45,0857
204,429
0,00108331
0,0121097
0,0569575
0,695103
3,4255
8,8803
26,23
45,7529
205,261
0,00122333
0,0118805
0,0555267
0,68952
3,33207
8,89862
25,8726
45,3325
204,301
0,00118774
0,0112204
0,0557072
0,677598
3,34902
8,97961
26,1907
45,7406
205,617
