0 100 1
0 200 1
0 300 1
0 400 1
0 500 1
0 600 1
0 700 1
0 800 1
0 900 1
0 1000 1
2 100 2
2 200 2
2 300 2
2 400 2
2 500 2
2 600 2
2 700 2
2 800 2
2 900 2
2 1000 2
2 100 3
2 200 3
2 300 3
2 400 3
2 500 3
2 600 3
2 700 3
2 800 3
2 900 3
2 1000 3
2 100 4
2 200 4
2 300 4
2 400 4
2 500 4
2 600 4
2 700 4
2 800 4
2 900 4
2 1000 4
0 100 1
0 200 1
0 300 1
0 400 1
0 500 1
0 600 1
0 700 1
0 800 1
0 900 1
0 1000 1
2 100 2
2 200 2
2 300 2
2 400 2
2 500 2
2 600 2
2 700 2
2 800 2
2 900 2
2 1000 2
2 100 3
2 200 3
2 300 3
2 400 3
2 500 3
2 600 3
2 700 3
2 800 3
2 900 3
2 1000 3
2 100 4
2 200 4
2 300 4
2 400 4
2 500 4
2 600 4
2 700 4
2 800 4
2 900 4
2 1000 4
0 100 1
0 200 1
0 300 1
0 400 1
0 500 1
0 600 1
0 700 1
0 800 1
0 900 1
0 1000 1
2 100 2
2 200 2
2 300 2
2 400 2
2 500 2
2 600 2
2 700 2
2 800 2
2 900 2
2 1000 2
2 100 3
2 200 3
2 300 3
2 400 3
2 500 3
2 600 3
2 700 3
2 800 3
2 900 3
2 1000 3
2 100 4
2 200 4
2 300 4
2 400 4
2 500 4
2 600 4
2 700 4
2 800 4
2 900 4
2 1000 4
0 100 1
0 200 1
0 300 1
0 400 1
0 500 1
0 600 1
0 700 1
0 800 1
0 900 1
0 1000 1
2 100 2
2 200 2
2 300 2
2 400 2
2 500 2
2 600 2
2 700 2
2 800 2
2 900 2
2 1000 2
2 100 3
2 200 3
2 300 3
2 400 3
2 500 3
2 600 3
2 700 3
2 800 3
2 900 3
2 1000 3
2 100 4
2 200 4
2 300 4
2 400 4
2 500 4
2 600 4
2 700 4
2 800 4
2 900 4
2 1000 4
0 100 1
0 200 1
0 300 1
0 400 1
0 500 1
0 600 1
0 700 1
0 800 1
0 900 1
0 1000 1
2 100 2
2 200 2
2 300 2
2 400 2
2 500 2
2 600 2
2 700 2
2 800 2
2 900 2
2 1000 2
2 100 3
2 200 3
2 300 3
2 400 3
2 500 3
2 600 3
2 700 3
2 800 3
2 900 3
2 1000 3
2 100 4
2 200 4
2 300 4
2 400 4
2 500 4
2 600 4
2 700 4
2 800 4
2 900 4
2 1000 4
0 100 1
0 200 1
0 300 1
0 400 1
0 500 1
0 600 1
0 700 1
0 800 1
0 900 1
0 1000 1
4 100 2
4 200 2
4 300 2
4 400 2
4 500 2
4 600 2
4 700 2
4 800 2
4 900 2
4 1000 2
4 100 3
4 200 3
4 300 3
4 400 3
4 500 3
4 600 3
4 700 3
4 800 3
4 900 3
4 1000 3
4 100 4
4 200 4
4 300 4
4 400 4
4 500 4
4 600 4
4 700 4
4 800 4
4 900 4
4 1000 4
0 100 1
0 200 1
0 300 1
0 400 1
0 500 1
0 600 1
0 700 1
0 800 1
0 900 1
0 1000 1
4 100 2
4 200 2
4 300 2
4 400 2
4 500 2
4 600 2
4 700 2
4 800 2
4 900 2
4 1000 2
4 100 3
4 200 3
4 300 3
4 400 3
4 500 3
4 600 3
4 700 3
4 800 3
4 900 3
4 1000 3
4 100 4
4 200 4
4 300 4
4 400 4
4 500 4
4 600 4
4 700 4
4 800 4
4 900 4
4 1000 4
0 100 1
0 200 1
0 300 1
0 400 1
0 500 1
0 600 1
0 700 1
0 800 1
0 900 1
0 1000 1
4 100 2
4 200 2
4 300 2
4 400 2
4 500 2
4 600 2
4 700 2
4 800 2
4 900 2
4 1000 2
4 100 3
4 200 3
4 300 3
4 400 3
4 500 3
4 600 3
4 700 3
4 800 3
4 900 3
4 1000 3
4 100 4
4 200 4
4 300 4
4 400 4
4 500 4
4 600 4
4 700 4
4 800 4
4 900 4
4 1000 4
0 100 1
0 200 1
0 300 1
0 400 1
0 500 1
0 600 1
0 700 1
0 800 1
0 900 1
0 1000 1
4 100 2
4 200 2
4 300 2
4 400 2
4 500 2
4 600 2
4 700 2
4 800 2
4 900 2
4 1000 2
4 100 3
4 200 3
4 300 3
4 400 3
4 500 3
4 600 3
4 700 3
4 800 3
4 900 3
4 1000 3
4 100 4
4 200 4
4 300 4
4 400 4
4 500 4
4 600 4
4 700 4
4 800 4
4 900 4
4 1000 4
0 100 1
0 200 1
0 300 1
0 400 1
0 500 1
0 600 1
0 700 1
0 800 1
0 900 1
0 1000 1
4 100 2
4 200 2
4 300 2
4 400 2
4 500 2
4 600 2
4 700 2
4 800 2
4 900 2
4 1000 2
4 100 3
4 200 3
4 300 3
4 400 3
4 500 3
4 600 3
4 700 3
4 800 3
4 900 3
4 1000 3
4 100 4
4 200 4
4 300 4
4 400 4
4 500 4
4 600 4
4 700 4
4 800 4
4 900 4
4 1000 4
0 100 1
0 200 1
0 300 1
0 400 1
0 500 1
0 600 1
0 700 1
0 800 1
0 900 1
0 1000 1
6 100 2
6 200 2
6 300 2
6 400 2
6 500 2
6 600 2
6 700 2
6 800 2
6 900 2
6 1000 2
6 100 3
6 200 3
6 300 3
6 400 3
6 500 3
6 600 3
6 700 3
6 800 3
6 900 3
6 1000 3
6 100 4
6 200 4
6 300 4
6 400 4
6 500 4
6 600 4
6 700 4
6 800 4
6 900 4
6 1000 4
0 100 1
0 200 1
0 300 1
0 400 1
0 500 1
0 600 1
0 700 1
0 800 1
0 900 1
0 1000 1
6 100 2
6 200 2
6 300 2
6 400 2
6 500 2
6 600 2
6 700 2
6 800 2
6 900 2
6 1000 2
6 100 3
6 200 3
6 300 3
6 400 3
6 500 3
6 600 3
6 700 3
6 800 3
6 900 3
6 1000 3
6 100 4
6 200 4
6 300 4
6 400 4
6 500 4
6 600 4
6 700 4
6 800 4
6 900 4
6 1000 4
0 100 1
0 200 1
0 300 1
0 400 1
0 500 1
0 600 1
0 700 1
0 800 1
0 900 1
0 1000 1
6 100 2
6 200 2
6 300 2
6 400 2
6 500 2
6 600 2
6 700 2
6 800 2
6 900 2
6 1000 2
6 100 3
6 200 3
6 300 3
6 400 3
6 500 3
6 600 3
6 700 3
6 800 3
6 900 3
6 1000 3
6 100 4
6 200 4
6 300 4
6 400 4
6 500 4
6 600 4
6 700 4
6 800 4
6 900 4
6 1000 4
0 100 1
0 200 1
0 300 1
0 400 1
0 500 1
0 600 1
0 700 1
0 800 1
0 900 1
0 1000 1
6 100 2
6 200 2
6 300 2
6 400 2
6 500 2
6 600 2
6 700 2
6 800 2
6 900 2
6 1000 2
6 100 3
6 200 3
6 300 3
6 400 3
6 500 3
6 600 3
6 700 3
6 800 3
6 900 3
6 1000 3
6 100 4
6 200 4
6 300 4
6 400 4
6 500 4
6 600 4
6 700 4
6 800 4
6 900 4
6 1000 4
0 100 1
0 200 1
0 300 1
0 400 1
0 500 1
0 600 1
0 700 1
0 800 1
0 900 1
0 1000 1
6 100 2
6 200 2
6 300 2
6 400 2
6 500 2
6 600 2
6 700 2
6 800 2
6 900 2
6 1000 2
6 100 3
6 200 3
6 300 3
6 400 3
6 500 3
6 600 3
6 700 3
6 800 3
6 900 3
6 1000 3
6 100 4
6 200 4
6 300 4
6 400 4
6 500 4
6 600 4
6 700 4
6 800 4
6 900 4
6 1000 4
