2 100 3
2 200 3
2 300 3
2 400 3
2 500 3
2 600 3
2 700 3
2 800 3
2 900 3
2 1000 3
2 100 4
2 200 4
2 300 4
2 400 4
2 500 4
2 600 4
2 700 4
2 800 4
2 900 4
2 1000 4
2 100 3
2 200 3
2 300 3
2 400 3
2 500 3
2 600 3
2 700 3
2 800 3
2 900 3
2 1000 3
2 100 4
2 200 4
2 300 4
2 400 4
2 500 4
2 600 4
2 700 4
2 800 4
2 900 4
2 1000 4
2 100 3
2 200 3
2 300 3
2 400 3
2 500 3
2 600 3
2 700 3
2 800 3
2 900 3
2 1000 3
2 100 4
2 200 4
2 300 4
2 400 4
2 500 4
2 600 4
2 700 4
2 800 4
2 900 4
2 1000 4
2 100 3
2 200 3
2 300 3
2 400 3
2 500 3
2 600 3
2 700 3
2 800 3
2 900 3
2 1000 3
2 100 4
2 200 4
2 300 4
2 400 4
2 500 4
2 600 4
2 700 4
2 800 4
2 900 4
2 1000 4
2 100 3
2 200 3
2 300 3
2 400 3
2 500 3
2 600 3
2 700 3
2 800 3
2 900 3
2 1000 3
2 100 4
2 200 4
2 300 4
2 400 4
2 500 4
2 600 4
2 700 4
2 800 4
2 900 4
2 1000 4
