21
169
641
1998
4814
7058
13497
17165
29418
34295
24
202
913
2230
4213
7304
11762
17542
25384
34584
23
178
689
2109
5014
7356
13975
17529
29862
37041
32
272
919
2243
4152
7497
11876
17981
25603
35586
22
203
799
2273
5248
7745
14395
18301
30664
36244
31
228
932
2267
4323
7622
12079
18256
26126
36255
25
205
743
2235
5221
7718
14407
18536
31124
36603
34
279
952
2326
4393
7740
12105
18597
26593
36644
24
200
750
2271
5258
7892
14754
18688
31271
38435
32
239
945
2314
4450
7649
12175
18570
26472
36550
