22
185
603
1467
2855
4947
8033
12283
16918
23747
31
299
956
2242
4309
7371
11548
17574
24985
34246
21
195
682
1685
3274
5597
8882
13555
18792
25389
28
232
958
2201
4202
7406
11801
18098
26344
35403
23
211
681
1672
3268
5640
8969
13909
19055
26142
32
256
1000
2340
4520
7780
12291
18544
26318
36504
23
211
714
1734
3365
5771
9173
14168
19079
25964
31
308
1002
2280
4495
7749
12363
18480
26491
36491
23
213
712
1751
3380
5790
9257
14204
19405
26499
37
307
1014
2343
4487
7847
12392
18740
26769
36669
23
214
717
1806
3507
5939
9426
14230
19259
26358
38
320
1055
2543
4883
8455
13436
20281
29204
40478
24
211
711
1742
3407
5794
9237
14331
19331
26408
38
335
1113
2859
5413
10372
14563
21530
31184
42245
23
219
752
1811
3553
6014
9625
14742
19930
27153
36
338
1108
2667
5147
8813
14368
21332
30874
43639
28
222
748
1835
3582
6003
9482
14650
19952
27408
38
331
1088
2617
5037
8673
13827
20767
30235
42190
26
215
716
1799
3482
5901
9364
14527
19397
26291
37
328
1066
2539
4906
8551
13483
20466
29277
40711
23
210
708
1746
3386
5747
9207
14398
19732
28832
58
495
1654
3917
7689
13068
20740
31397
45144
63100
23
218
731
1855
3504
5918
9362
14548
19486
26269
63
504
1598
3798
7519
13132
20955
31689
46680
62609
23
215
723
1832
3519
5868
9290
14530
19297
26342
58
482
1577
3807
7367
12842
20374
30925
44721
62634
24
211
736
1763
3428
5836
9339
14559
19468
26367
59
493
1592
3762
7423
12793
20494
30754
44745
61905
23
214
712
1783
3458
5888
9283
14617
35158
48544
135
1027
3400
5848
13032
19841
32851
37616
56510
98828
