23
187
604
1446
2887
5224
8648
13100
18045
24248
29
293
940
2262
4284
7438
11798
17791
24815
34323
22
191
683
1585
3123
5236
8045
12110
17440
24309
28
291
951
2221
4270
7438
11901
18134
25779
36277
24
205
700
1666
3279
5658
8967
13335
18973
25962
31
247
971
2296
4364
7546
11886
17701
25626
35404
25
212
724
1719
3365
5704
9014
13511
19085
26095
31
294
965
2226
4362
7530
12048
18105
25686
35662
25
213
728
1709
3330
5752
9068
13314
18966
25927
30
304
984
2211
4447
7481
12211
18541
25953
35939
27
213
731
1732
3397
5766
9182
13570
19064
26140
37
322
1064
2539
5032
8549
13516
20441
29714
40740
24
217
744
1748
3420
5924
9283
14925
19802
26357
36
319
1069
2513
4897
8443
13295
19981
28739
40253
24
214
726
1721
3345
5777
9162
13642
19407
26442
37
332
1083
2553
4971
8709
13632
20557
29617
40797
27
214
731
1732
3369
5825
9227
13715
19439
26749
37
327
1093
2576
5003
8673
13712
20840
29643
41324
26
216
747
1768
3444
5926
9347
13822
19484
26189
37
322
1084
2564
4979
8605
13665
20502
29578
40830
25
218
740
1753
3420
5905
9373
13887
19603
28326
60
471
1667
3934
7675
13354
21081
31883
45507
62928
25
221
737
1745
3439
5955
9382
13781
19427
26283
64
500
1637
3803
7631
13223
21029
32062
45460
62827
26
218
749
1813
3484
5931
9424
13930
19476
26657
61
502
1596
3865
7500
12979
20655
31758
45324
62343
26
219
746
1762
3420
5887
9394
13938
21241
26390
62
463
1636
3816
7477
13176
20919
31865
45694
62566
25
212
735
1736
3394
5914
9345
13911
19777
26993
62
484
1651
3960
7720
13474
21269
31988
45829
62867
