31
284
1086
3208
6093
10602
17024
25992
37199
52178
27
257
824
2166
5175
7793
14758
18453
31438
36201
23
198
722
1839
3247
6008
8942
15170
20200
28530
34
272
969
2287
4377
7639
11954
18350
25934
36280
34
309
1137
3316
6623
11673
18530
27935
39170
56425
27
250
885
2298
5450
8160
15243
19362
32348
38214
26
227
759
1908
3506
6401
9493
15031
20019
29105
33
307
1003
2172
4399
7816
12480
18736
26774
36815
36
314
1211
3373
6744
11737
18535
27804
39062
54976
27
239
871
2311
5547
8241
15185
19401
32263
38029
26
226
752
1877
3462
6369
9529
15102
20103
29314
35
290
1006
2309
4542
7858
12415
18808
27980
36915
39
322
1169
3428
6788
11789
18560
27626
39258
54240
26
241
892
2289
5477
8125
15140
19295
32315
38308
25
228
762
1915
3516
6448
9501
14991
20091
29036
32
309
997
2143
4418
7633
12251
18539
26476
36541
36
314
1181
3333
6735
11651
18518
28301
40083
54705
27
251
898
2336
5569
8293
15356
19666
32856
38719
27
230
772
1935
3519
6395
9467
15026
20401
30061
37
263
1006
2262
4398
7781
12250
18514
26207
36141
34
305
1133
3333
6653
11565
18321
27704
38903
54039
30
282
935
2538
5915
9633
17652
23325
37540
45159
25
216
736
1769
3407
5955
9425
14096
19929
27424
41
347
1119
2604
5054
8738
13856
21017
29976
41537
37
324
1198
3517
6814
11770
18632
27671
39027
54760
29
283
923
2489
5794
9483
17389
23151
37384
45814
25
225
761
1800
3506
6058
9728
14357
20496
27991
45
352
1116
2642
5104
8789
13980
20927
29605
40610
37
312
1162
3360
6718
11777
18609
27524
39207
54304
32
284
926
2472
5821
9428
17286
22979
37271
45645
28
228
758
1794
3483
5994
9446
14008
19819
27095
40
343
1094
2583
5018
8747
13956
20730
29890
40756
37
306
1144
3331
6606
11536
18350
27341
39110
54555
29
286
944
2543
5876
9647
17602
23305
37751
45232
24
218
740
1753
3413
5955
9427
13894
19836
27247
42
347
1114
2659
5064
8897
13947
21057
29857
41083
41
318
1172
3357
6699
11687
18676
27782
39311
54885
33
289
961
2566
6022
9761
17870
23735
39311
44875
24
218
743
1771
3454
5940
9382
13796
19523
26977
39
333
1095
2604
4957
8597
13685
20692
29629
41341
38
317
1213
3433
6742
11675
18542
27525
39362
54691
52
433
1488
3705
8877
14433
26185
35299
57525
67306
27
221
747
1878
3459
6419
9566
15070
20114
29609
66
522
1660
3926
7811
13439
20984
31425
45122
62507
39
315
1170
3429
6803
11784
18666
27715
39213
54499
48
430
1441
3684
8567
14087
25493
34597
55979
68676
26
223
754
1904
3491
6425
9548
15222
20404
29699
65
513
1737
3886
7682
13199
20901
31472
44754
62368
35
314
1126
3369
6763
11799
18641
27716
39281
54767
55
440
1460
3762
8667
14215
25834
34862
58432
68461
24
215
739
1872
3440
6361
9477
15024
20137
29646
64
520
1695
3962
7865
13567
21593
32265
46895
61927
35
302
1112
3363
6702
11698
18555
27718
38890
54610
51
437
1404
3760
8727
14312
25757
34853
55378
67164
24
215
737
1858
3428
6353
9492
14986
19955
29197
63
509
1700
3983
7685
13553
21306
31961
45738
62418
37
303
1100
3264
6675
11699
18716
27503
38605
54241
50
415
1389
3651
8458
14094
25386
34675
55945
68513
26
219
753
1910
3507
6420
9518
15141
19978
29026
60
489
1584
3715
7327
12996
20664
31113
45027
62696
