29 293 940 2262 4284 7438 11798 17791 24815 34323 
28 291 951 2221 4270 7438 11901 18134 25779 36277 
31 247 971 2296 4364 7546 11886 17701 25626 35404 
31 294 965 2226 4362 7530 12048 18105 25686 35662 
30 304 984 2211 4447 7481 12211 18541 25953 35939 

37 322 1064 2539 5032 8549 13516 20441 29714 40740 
36 319 1069 2513 4897 8443 13295 19981 28739 40253 
37 332 1083 2553 4971 8709 13632 20557 29617 40797 
37 327 1093 2576 5003 8673 13712 20840 29643 41324 
37 322 1084 2564 4979 8605 13665 20502 29578 40830 

60 471 1667 3934 7675 13354 21081 31883 45507 62928 
64 500 1637 3803 7631 13223 21029 32062 45460 62827 
61 502 1596 3865 7500 12979 20655 31758 45324 62343 
62 463 1636 3816 7477 13176 20919 31865 45694 62566 
62 484 1651 3960 7720 13474 21269 31988 45829 62867 
