23 187 604 1446 2887 5224 8648 13100 18045 24248 
22 191 683 1585 3123 5236 8045 12110 17440 24309 
24 205 700 1666 3279 5658 8967 13335 18973 25962 
25 212 724 1719 3365 5704 9014 13511 19085 26095 
25 213 728 1709 3330 5752 9068 13314 18966 25927 

27 213 731 1732 3397 5766 9182 13570 19064 26140 
24 217 744 1748 3420 5924 9283 14925 19802 26357 
24 214 726 1721 3345 5777 9162 13642 19407 26442 
27 214 731 1732 3369 5825 9227 13715 19439 26749 
26 216 747 1768 3444 5926 9347 13822 19484 26189 

25 218 740 1753 3420 5905 9373 13887 19603 28326 
25 221 737 1745 3439 5955 9382 13781 19427 26283 
26 218 749 1813 3484 5931 9424 13930 19476 26657 
26 219 746 1762 3420 5887 9394 13938 21241 26390 
25 212 735 1736 3394 5914 9345 13911 19777 26993 
