27 257 824 2166 5175 7793 14758 18453 31438 36201 
27 250 885 2298 5450 8160 15243 19362 32348 38214 
27 239 871 2311 5547 8241 15185 19401 32263 38029 
26 241 892 2289 5477 8125 15140 19295 32315 38308 
27 251 898 2336 5569 8293 15356 19666 32856 38719 

30 282 935 2538 5915 9633 17652 23325 37540 45159 
29 283 923 2489 5794 9483 17389 23151 37384 45814 
32 284 926 2472 5821 9428 17286 22979 37271 45645 
29 286 944 2543 5876 9647 17602 23305 37751 45232 
33 289 961 2566 6022 9761 17870 23735 39311 44875 

52 433 1488 3705 8877 14433 26185 35299 57525 67306 
48 430 1441 3684 8567 14087 25493 34597 55979 68676 
55 440 1460 3762 8667 14215 25834 34862 58432 68461 
51 437 1404 3760 8727 14312 25757 34853 55378 67164 
50 415 1389 3651 8458 14094 25386 34675 55945 68513 
