22 185 603 1467 2855 4947 8033 12283 16918 23747 
21 195 682 1685 3274 5597 8882 13555 18792 25389 
23 211 681 1672 3268 5640 8969 13909 19055 26142 
23 211 714 1734 3365 5771 9173 14168 19079 25964 
23 213 712 1751 3380 5790 9257 14204 19405 26499 

23 214 717 1806 3507 5939 9426 14230 19259 26358 
24 211 711 1742 3407 5794 9237 14331 19331 26408 
23 219 752 1811 3553 6014 9625 14742 19930 27153 
28 222 748 1835 3582 6003 9482 14650 19952 27408 
26 215 716 1799 3482 5901 9364 14527 19397 26291 

23 210 708 1746 3386 5747 9207 14398 19732 28832 
23 218 731 1855 3504 5918 9362 14548 19486 26269 
23 215 723 1832 3519 5868 9290 14530 19297 26342 
24 211 736 1763 3428 5836 9339 14559 19468 26367 
23 214 712 1783 3458 5888 9283 14617 35158 48544 
