23 198 722 1839 3247 6008 8942 15170 20200 28530 
26 227 759 1908 3506 6401 9493 15031 20019 29105 
26 226 752 1877 3462 6369 9529 15102 20103 29314 
25 228 762 1915 3516 6448 9501 14991 20091 29036 
27 230 772 1935 3519 6395 9467 15026 20401 30061 

25 216 736 1769 3407 5955 9425 14096 19929 27424 
25 225 761 1800 3506 6058 9728 14357 20496 27991 
28 228 758 1794 3483 5994 9446 14008 19819 27095 
24 218 740 1753 3413 5955 9427 13894 19836 27247 
24 218 743 1771 3454 5940 9382 13796 19523 26977 

27 221 747 1878 3459 6419 9566 15070 20114 29609 
26 223 754 1904 3491 6425 9548 15222 20404 29699 
24 215 739 1872 3440 6361 9477 15024 20137 29646 
24 215 737 1858 3428 6353 9492 14986 19955 29197 
26 219 753 1910 3507 6420 9518 15141 19978 29026 
