31 299 956 2242 4309 7371 11548 17574 24985 34246 
28 232 958 2201 4202 7406 11801 18098 26344 35403 
32 256 1000 2340 4520 7780 12291 18544 26318 36504 
31 308 1002 2280 4495 7749 12363 18480 26491 36491 
37 307 1014 2343 4487 7847 12392 18740 26769 36669 

38 320 1055 2543 4883 8455 13436 20281 29204 40478 
38 335 1113 2859 5413 10372 14563 21530 31184 42245 
36 338 1108 2667 5147 8813 14368 21332 30874 43639 
38 331 1088 2617 5037 8673 13827 20767 30235 42190 
37 328 1066 2539 4906 8551 13483 20466 29277 40711 

58 495 1654 3917 7689 13068 20740 31397 45144 63100 
63 504 1598 3798 7519 13132 20955 31689 46680 62609 
58 482 1577 3807 7367 12842 20374 30925 44721 62634 
59 493 1592 3762 7423 12793 20494 30754 44745 61905 
135 1027 3400 5848 13032 19841 32851 37616 56510 98828 
