34 272 969 2287 4377 7639 11954 18350 25934 36280 
33 307 1003 2172 4399 7816 12480 18736 26774 36815 
35 290 1006 2309 4542 7858 12415 18808 27980 36915 
32 309 997 2143 4418 7633 12251 18539 26476 36541 
37 263 1006 2262 4398 7781 12250 18514 26207 36141 

41 347 1119 2604 5054 8738 13856 21017 29976 41537 
45 352 1116 2642 5104 8789 13980 20927 29605 40610 
40 343 1094 2583 5018 8747 13956 20730 29890 40756 
42 347 1114 2659 5064 8897 13947 21057 29857 41083 
39 333 1095 2604 4957 8597 13685 20692 29629 41341 

66 522 1660 3926 7811 13439 20984 31425 45122 62507 
65 513 1737 3886 7682 13199 20901 31472 44754 62368 
64 520 1695 3962 7865 13567 21593 32265 46895 61927 
63 509 1700 3983 7685 13553 21306 31961 45738 62418 
60 489 1584 3715 7327 12996 20664 31113 45027 62696 
